SM:2020-11-23T22:27:55.1431128Z
LM:2020-11-23T22:27:58.1615957Z
CT:image/jpeg
MA:2592000
CL:36676
