SM:2020-11-23T22:27:55.1490958Z
LM:2020-11-23T22:27:58.1500176Z
CT:image/jpeg
MA:2592000
CL:15078
