SM:2020-11-23T22:27:55.1471011Z
LM:2020-11-23T22:27:58.1570881Z
CT:image/jpeg
MA:2592000
CL:14006
