SM:2020-11-23T22:27:55.1161852Z
LM:2020-11-23T22:27:58.1478384Z
CT:image/jpeg
MA:2592000
CL:4850
