SM:2020-11-23T22:27:55.1361302Z
LM:2020-11-23T22:27:58.1767564Z
CT:image/jpeg
MA:2592000
CL:27193
