SM:2020-11-23T22:27:55.1251606Z
LM:2020-11-23T22:27:58.3251966Z
CT:image/jpeg
MA:2592000
CL:3716
