SM:2020-11-23T22:27:55.1381249Z
LM:2020-11-23T22:27:58.4029267Z
CT:image/jpeg
MA:2592000
CL:24030
