SM:2020-11-23T22:27:55.1441088Z
LM:2020-11-23T22:27:58.1621300Z
CT:image/jpeg
MA:2592000
CL:18369
