SM:2020-11-23T22:27:55.1231664Z
LM:2020-11-23T22:27:58.3547107Z
CT:image/jpeg
MA:2592000
CL:4965
