SM:2020-11-23T22:27:55.1361302Z
LM:2020-11-23T22:27:58.4031398Z
CT:image/jpeg
MA:2592000
CL:19873
