SM:2020-11-23T22:27:55.1341363Z
LM:2020-11-23T22:27:58.1754238Z
CT:image/jpeg
MA:2592000
CL:29925
