SM:2020-11-23T22:27:55.1520873Z
LM:2020-11-23T22:27:58.1657713Z
CT:image/jpeg
MA:2592000
CL:20473
