SM:2020-11-23T22:27:55.1401196Z
LM:2020-11-23T22:27:58.3705176Z
CT:image/jpeg
MA:2592000
CL:25263
