SM:2020-11-23T22:27:55.1221682Z
LM:2020-11-23T22:27:58.3305159Z
CT:image/jpeg
MA:2592000
CL:9789
